-0.03125,-0.078125,-0.92188,0.28494,-0.26827,0.88898,0.057524,-0.089482,-0.34302
0.20313,0.92188,-0.03125,-0.10127,-0.75871,0.56562,-0.029827,-0.02024,0.0085221
0.046875,0.89063,-0.3125,-0.34322,-0.65898,0.57064,-0.029827,0.31638,-0.18962
-0.78125,0.32813,-0.3125,0.42938,-0.37178,0.50163,-0.0021305,0.18749,-0.033023
-0.09375,-0.15625,-0.9375,0.28913,-0.26412,0.87941,0.071373,-0.11824,-0.36219
0.20313,0.96875,-0,-0.095104,-0.76066,0.56577,-0.029827,-0.031958,0.015979
0.078125,0.89063,-0.28125,-0.34737,-0.65488,0.57305,-0.024501,0.33023,-0.18536
-0.84375,0.34375,-0.28125,0.42946,-0.36646,0.50372,0.030893,0.20027,-0.064981
-0.046875,-0.09375,-0.9375,0.29339,-0.26824,0.87946,0.025566,-0.11292,-0.37497
0.23438,0.96875,0.015625,-0.099225,-0.76472,0.56813,-0.0021305,-0.033023,0.026632
0.078125,0.8125,-0.3125,-0.34967,-0.65086,0.56071,0.0021305,0.32278,-0.2056
-0.85938,0.34375,-0.28125,0.42225,-0.36118,0.50772,-0.0031958,0.23968,-0.069242
-0.03125,-0.078125,-0.96875,0.28693,-0.25792,0.87216,-0.086286,-0.024501,-0.39415
0.1875,0.96875,0.03125,-0.1033,-0.76074,0.56804,-0.022371,-0.021305,0.022371
0.046875,0.89063,-0.3125,-0.34961,-0.65494,0.56561,0.010653,0.33982,-0.22797
-0.84375,0.35938,-0.26563,0.426,-0.36468,0.51398,-0.053263,0.26632,-0.062851
-0.03125,-0.046875,-0.95313,0.28915,-0.26204,0.87942,-0.037284,-0.052198,-0.41439
0.20313,0.96875,-0,-0.095152,-0.76066,0.5633,0.0021305,-0.012783,0.014914
0.015625,0.89063,-0.34375,-0.34747,-0.65697,0.5681,0.011718,0.39202,-0.23223
-0.8125,0.375,-0.26563,0.42414,-0.36293,0.51188,-0.16938,0.27697,-0.05859
-0.015625,-0.078125,-0.92188,0.28906,-0.25999,0.87219,0.064981,-0.14594,-0.43356
0.20313,0.95313,-0,-0.09501,-0.75663,0.56824,0.043676,-0.04048,0.0095874
0.046875,0.875,-0.34375,-0.34755,-0.65494,0.56319,-0.026632,0.44741,-0.23329
-0.8125,0.375,-0.28125,0.41488,-0.36655,0.50755,-0.16725,0.25673,-0.044741
-0.078125,-0.15625,-0.9375,0.29332,-0.26411,0.87224,0.083091,-0.16512,-0.45061
0.25,0.95313,0.015625,-0.10115,-0.75669,0.57057,0.021305,-0.039415,0.0063916
0.078125,0.89063,-0.32813,-0.34775,-0.65295,0.55089,-0.10546,0.46446,-0.23755
-0.8125,0.34375,-0.3125,0.41493,-0.37008,0.51167,-0.16192,0.22371,-0.039415
-0.046875,-0.15625,-0.9375,0.29978,-0.25783,0.86996,-0.090547,-0.036219,-0.47937
0.17188,0.96875,-0.015625,-0.092948,-0.75661,0.56829,0.02024,-0.046872,0.012783
0.046875,0.95313,-0.3125,-0.34998,-0.6571,0.54589,-0.043676,0.41865,-0.25566
-0.84375,0.375,-0.35938,0.40948,-0.37012,0.51362,-0.20027,0.25673,-0.068177
-0.015625,-0.078125,-0.9375,0.28883,-0.26213,0.85769,-0.22264,0.054328,-0.50813
0.20313,0.9375,-0,-0.10119,-0.76072,0.57056,0.03835,-0.044741,0.014914
0.03125,0.92188,-0.375,-0.34777,-0.65501,0.55087,0.027697,0.40054,-0.29934
-0.875,0.40625,-0.34375,0.40575,-0.37369,0.51147,-0.22584,0.28549,-0.077764
0.015625,-0.0625,-0.90625,0.29749,-0.26204,0.86266,-0.18749,0.056459,-0.50813
0.17188,0.95313,-0.03125,-0.092877,-0.75459,0.57077,0.030893,-0.030893,0.012783
0.046875,0.89063,-0.35938,-0.34779,-0.65091,0.54844,0.10546,0.40906,-0.31851
-0.84375,0.39063,-0.29688,0.3985,-0.37373,0.51545,-0.24608,0.32171,-0.074569
0.015625,-0.046875,-0.95313,0.29309,-0.2621,0.85535,-0.044741,-0.044741,-0.50174
0.1875,0.95313,-0.015625,-0.092877,-0.75459,0.57077,0.014914,-0.011718,-0.0053263
0.015625,0.85938,-0.39063,-0.3436,-0.64885,0.54608,0.043676,0.4325,-0.33343
-0.82813,0.35938,-0.29688,0.40211,-0.37548,0.51345,-0.1289,0.31106,-0.073503
-0.015625,-0.125,-0.92188,0.29533,-0.25584,0.85783,0.15127,-0.21412,-0.48363
0.21875,0.96875,-0,-0.088775,-0.75656,0.57086,0.014914,0,-0.0053263
0.03125,0.89063,-0.375,-0.35418,-0.65507,0.54581,-0.018109,0.47724,-0.33236
-0.8125,0.34375,-0.34375,0.39858,-0.37372,0.51958,-0.059655,0.30999,-0.07883
-0.125,-0.25,-0.92188,0.30608,-0.24537,0.85322,0.18642,-0.24608,-0.4847
0.17188,0.92188,-0,-0.093038,-0.76466,0.56828,0.022371,-0.013848,-0.012783
0.078125,0.89063,-0.32813,-0.35014,-0.6551,0.53605,-0.066046,0.47511,-0.33343
-0.85938,0.3125,-0.375,0.39483,-0.37553,0.51537,-0.10972,0.34941,-0.1012
-0.03125,-0.09375,-0.92188,0.29953,-0.2579,0.85306,-0.19707,0.075634,-0.50387
0.17188,0.96875,0.015625,-0.09096,-0.75458,0.5634,-0.041545,0.0063916,-0.031958
0.046875,0.95313,-0.32813,-0.34389,-0.65304,0.53127,0.011718,0.36752,-0.39415
-0.84375,0.35938,-0.34375,0.38755,-0.3738,0.51729,-0.23436,0.42504,-0.11505
0.015625,-0.078125,-0.92188,0.29951,-0.25168,0.84826,-0.33236,0.21838,-0.52624
0.20313,0.95313,0.015625,-0.091028,-0.76062,0.56339,-0.0021305,0.014914,-0.030893
-0,0.90625,-0.32813,-0.34394,-0.66125,0.53121,0.22051,0.35793,-0.42291
-0.8125,0.39063,-0.3125,0.38385,-0.37384,0.51515,-0.29721,0.48896,-0.10866
0.03125,-0.015625,-0.90625,0.29302,-0.25382,0.84573,-0.17044,0.074569,-0.53583
0.20313,0.95313,0.015625,-0.088823,-0.75656,0.56839,0.024501,0.010653,-0.029827
-0,0.8125,-0.34375,-0.33748,-0.64682,0.5339,0.26632,0.43569,-0.41226
-0.75,0.375,-0.28125,0.37467,-0.37745,0.51495,-0.25034,0.47298,-0.077764
-0,-0.10938,-0.92188,0.29091,-0.25383,0.84811,-0.056459,-0.02024,-0.53476
0.21875,0.96875,-0,-0.086738,-0.75453,0.56844,0.045806,0.029827,-0.03835
-0,0.84375,-0.35938,-0.34184,-0.65509,0.52883,0.017044,0.50707,-0.41758
-0.76563,0.39063,-0.29688,0.38403,-0.37558,0.52548,-0.18429,0.38456,-0.056459
-0.046875,-0.15625,-0.90625,0.29724,-0.24551,0.83618,0.075634,-0.15446,-0.53476
0.17188,0.9375,-0.015625,-0.090837,-0.75658,0.57081,0.072438,0.0063916,-0.031958
0.03125,0.89063,-0.28125,-0.33559,-0.65917,0.52648,-0.09907,0.53157,-0.41971
-0.78125,0.32813,-0.34375,0.37117,-0.38098,0.52519,-0.20133,0.32704,-0.067112
-0.125,-0.23438,-0.9375,0.30155,-0.24755,0.83865,0.056459,-0.18109,-0.56246
0.17188,0.95313,-0,-0.091031,-0.7566,0.56093,0.085221,0.010653,-0.022371
0.03125,0.95313,-0.3125,-0.33369,-0.65717,0.51422,-0.22584,0.54328,-0.43889
-0.84375,0.35938,-0.35938,0.3675,-0.37747,0.52306,-0.28016,0.32384,-0.074569
-0.015625,-0.078125,-0.92188,0.30353,-0.25173,0.82901,-0.32704,0.15127,-0.59335
0.17188,0.92188,-0.015625,-0.088849,-0.75456,0.56592,0.072438,-0.022371,-0.029827
-0,0.9375,-0.32813,-0.32956,-0.65718,0.50938,0.059655,0.47191,-0.46978
-0.78125,0.40625,-0.375,0.36378,-0.38459,0.52296,-0.30467,0.38243,-0.083091
-0,-0.0625,-0.9375,0.29714,-0.24969,0.83133,-0.28123,0.13422,-0.59335
0.21875,0.9375,-0.015625,-0.088804,-0.75053,0.56593,0.0085221,0.0074569,-0.03835
-0,0.84375,-0.375,-0.32741,-0.65715,0.51189,0.23436,0.47085,-0.46446
-0.75,0.39063,-0.39063,0.36377,-0.38636,0.52296,-0.27271,0.42291,-0.073503
-0,-0.03125,-0.9375,0.297,-0.25388,0.82406,-0.22797,0.090547,-0.58163
0.20313,0.98438,-0.015625,-0.086787,-0.75453,0.56597,0.012783,-0.0010653,-0.049002
-0.015625,0.8125,-0.375,-0.3296,-0.65719,0.50692,0.13316,0.51026,-0.44954
-0.75,0.40625,-0.375,0.35088,-0.39,0.52061,-0.26312,0.41332,-0.06072
-0,-0.10938,-0.92188,0.30339,-0.25592,0.82175,-0.061785,-0.03835,-0.555
0.21875,0.98438,-0,-0.086738,-0.75453,0.56844,0.079895,0,-0.026632
-0,0.875,-0.375,-0.32747,-0.65922,0.50941,-0.11079,0.5305,-0.44741
-0.79688,0.35938,-0.39063,0.34731,-0.38824,0.52468,-0.2823,0.39521,-0.072438
-0.0625,-0.14063,-0.92188,0.30335,-0.25593,0.81933,0.051133,-0.17151,-0.58057
0.1875,0.92188,-0.015625,-0.080484,-0.74842,0.5686,0.085221,-0.02024,-0.024501
-0.015625,0.9375,-0.34375,-0.32348,-0.66131,0.49717,-0.16938,0.52944,-0.44102
-0.76563,0.39063,-0.375,0.34722,-0.39533,0.52259,-0.31851,0.41652,-0.094809
-0.03125,-0.14063,-0.90625,0.30557,-0.24759,0.81941,0.029827,-0.10546,-0.57844
0.17188,0.92188,-0,-0.0806,-0.75446,0.56612,0.044741,-0.018109,-0.013848
-0,0.90625,-0.34375,-0.32754,-0.66334,0.50692,-0.064981,0.50174,-0.42717
-0.78125,0.40625,-0.42188,0.34183,-0.39712,0.52867,-0.3281,0.4325,-0.14275
-0.015625,-0.10938,-0.92188,0.30553,-0.24345,0.8146,-0.067112,-0.023436,-0.57098
0.17188,0.95313,-0.03125,-0.084631,-0.75048,0.5685,0.030893,0.0074569,0.0085221
-0.03125,0.89063,-0.35938,-0.31924,-0.66333,0.49971,0.08096,0.47617,-0.4325
-0.76563,0.35938,-0.39063,0.32877,-0.39902,0.51599,-0.21944,0.47937,-0.14381
-0,-0.125,-0.95313,0.30761,-0.24346,0.8098,-0.074569,-0.014914,-0.56246
0.21875,0.95313,-0,-0.086742,-0.75051,0.56598,0.034088,0.015979,0.015979
-0,0.85938,-0.35938,-0.3151,-0.66127,0.49488,0.082025,0.48576,-0.46232
-0.78125,0.35938,-0.375,0.32532,-0.40079,0.52831,-0.26525,0.49002,-0.11398
-0.03125,-0.125,-0.95313,0.31171,-0.2414,0.79539,-0.073503,-0.061785,-0.56566
0.1875,0.9375,-0,-0.080555,-0.75044,0.56613,0.054328,-0.0053263,0.0031958
-0,0.89063,-0.3125,-0.31303,-0.66127,0.49246,-0.037284,0.49428,-0.4847
-0.76563,0.39063,-0.39063,0.31975,-0.39553,0.52202,-0.2514,0.49322,-0.11079
-0.03125,-0.125,-0.9375,0.30539,-0.24349,0.80494,-0.063916,-0.023436,-0.57311
0.17188,0.95313,-0,-0.078347,-0.75041,0.57358,0.064981,-0.031958,-0.0063916
-0.015625,0.89063,-0.375,-0.3089,-0.66128,0.48762,-0.062851,0.49002,-0.48576
-0.76563,0.42188,-0.40625,0.31612,-0.40086,0.52606,-0.26738,0.48896,-0.10227
-0.015625,-0.10938,-0.9375,0.3075,-0.23519,0.79777,-0.075634,0.0042611,-0.58376
0.20313,0.95313,-0.015625,-0.08861,-0.75051,0.57581,0.071373,-0.037284,-0.013848
-0,0.89063,-0.39063,-0.30687,-0.66538,0.48518,-0.035154,0.49002,-0.49109
-0.75,0.42188,-0.45313,0.31065,-0.40266,0.528,-0.28016,0.45274,-0.10972
-0,-0.10938,-0.92188,0.30732,-0.23939,0.78809,-0.07883,0.017044,-0.58376
0.1875,0.95313,-0.015625,-0.078447,-0.74639,0.56618,0.0021305,-0.0042611,-0.018109
-0.015625,0.875,-0.35938,-0.30672,-0.66329,0.49258,0.011718,0.48043,-0.49961
-0.76563,0.39063,-0.42188,0.31059,-0.40621,0.52592,-0.18323,0.44422,-0.11931
-0,-0.125,-0.92188,0.30746,-0.2352,0.79535,-0.061785,-0.018109,-0.59016
0.20313,0.9375,-0.03125,-0.084657,-0.74847,0.56603,-0.0021305,0.0063916,0.010653
-0.03125,0.85938,-0.375,-0.30478,-0.66128,0.48278,0.018109,0.49322,-0.50494
-0.75,0.34375,-0.40625,0.29966,-0.39921,0.52572,-0.16192,0.457,-0.12037
-0.015625,-0.10938,-0.92188,0.30516,-0.24148,0.78804,-0.023436,-0.036219,-0.59335
0.1875,0.95313,-0,-0.082639,-0.75248,0.56607,0.0010653,0.0010653,0.017044
-0.046875,0.875,-0.39063,-0.29637,-0.66533,0.48293,-0.051133,0.49854,-0.506
-0.73438,0.35938,-0.45313,0.29602,-0.40631,0.52976,-0.20347,0.45913,-0.1257
-0.03125,-0.15625,-0.875,0.31595,-0.23516,0.78825,-0.02024,-0.049002,-0.57631
0.1875,0.9375,-0.015625,-0.084679,-0.75049,0.56603,0,-0.0053263,0.014914
-0.078125,0.875,-0.375,-0.29655,-0.65924,0.47066,-0.075634,0.51133,-0.51559
-0.75,0.40625,-0.4375,0.29046,-0.40989,0.52756,-0.29188,0.45806,-0.14061
-0,-0.078125,-0.92188,0.31581,-0.23105,0.7762,-0.06072,-0.029827,-0.56885
0.1875,0.95313,-0.015625,-0.088826,-0.75254,0.56593,-0.019175,-0.021305,0.0074569
-0.046875,0.85938,-0.35938,-0.29236,-0.66947,0.47314,-0.091613,0.51026,-0.52624
-0.70313,0.40625,-0.4375,0.2814,-0.40641,0.53152,-0.29295,0.47298,-0.14381
-0.046875,-0.125,-0.9375,0.31371,-0.22898,0.77859,-0.023436,-0.052198,-0.58696
0.20313,0.95313,-0.015625,-0.084724,-0.75451,0.56602,-0.033023,-0.022371,0.0010653
-0.046875,0.875,-0.375,-0.29248,-0.66745,0.46576,-0.086286,0.51772,-0.5305
-0.70313,0.39063,-0.45313,0.27946,-0.41174,0.52733,-0.2514,0.44741,-0.14488
-0,-0.125,-0.92188,0.31586,-0.22896,0.77862,-0.035154,-0.041545,-0.59548
0.17188,0.95313,-0.015625,-0.08048,-0.75244,0.57106,-0.04048,-0.0095874,0.0042611
-0.0625,0.85938,-0.34375,-0.28826,-0.67357,0.46828,-0.069242,0.50707,-0.53796
-0.71875,0.375,-0.45313,0.27766,-0.41175,0.52936,-0.23223,0.44315,-0.12996
-0,-0.09375,-0.90625,0.31368,-0.23314,0.77857,-0.028762,-0.057524,-0.6104
0.1875,0.96875,0.015625,-0.082853,-0.75852,0.55865,-0.046872,-0.0010653,0.018109
-0.078125,0.8125,-0.375,-0.28196,-0.6715,0.46596,-0.10972,0.54328,-0.53157
-0.71875,0.39063,-0.45313,0.26838,-0.41361,0.52296,-0.2759,0.44102,-0.11505
-0,-0.125,-0.9375,0.31996,-0.23106,0.76661,0.029827,-0.11931,-0.59974
0.1875,0.96875,-0.015625,-0.086764,-0.75252,0.56598,-0.05859,-0.0031958,0.018109
-0.078125,0.82813,-0.39063,-0.28002,-0.66948,0.45616,-0.15127,0.56672,-0.52944
-0.70313,0.39063,-0.4375,0.27027,-0.41535,0.52713,-0.32278,0.43463,-0.10972
-0.015625,-0.15625,-0.92188,0.32005,-0.22065,0.76666,0.017044,-0.14594,-0.59442
0.17188,0.9375,-0,-0.082639,-0.75248,0.56607,-0.035154,0.0021305,0.024501
-0.078125,0.89063,-0.35938,-0.27589,-0.67563,0.45375,-0.27484,0.58057,-0.55394
-0.67188,0.42188,-0.48438,0.27212,-0.41888,0.52922,-0.34408,0.41119,-0.11398
-0.046875,-0.15625,-0.92188,0.32432,-0.2227,0.76672,-0.0042611,-0.15233,-0.60081
0.20313,0.9375,-0.015625,-0.082788,-0.74847,0.5562,-0.024501,0.0021305,0.021305
-0.0625,0.90625,-0.35938,-0.27405,-0.6839,0.44142,-0.3068,0.56566,-0.56885
-0.70313,0.42188,-0.48438,0.25723,-0.42079,0.51651,-0.30147,0.3803,-0.12783
-0.03125,-0.15625,-0.90625,0.32644,-0.22269,0.76434,-0.066046,-0.054328,-0.63383
0.1875,0.96875,0.015625,-0.082807,-0.7545,0.55866,-0.052198,0.012783,0.028762
-0.078125,0.89063,-0.375,-0.26783,-0.68594,0.43661,-0.20773,0.54648,-0.57524
-0.6875,0.42188,-0.48438,0.26277,-0.42428,0.52075,-0.27377,0.3835,-0.10759
-0,-0.0625,-0.9375,0.32853,-0.22062,0.75956,-0.13955,0.015979,-0.65194
0.1875,0.92188,-0.015625,-0.089017,-0.75658,0.55851,-0.0063916,-0.019175,0.033023
-0.10938,0.85938,-0.375,-0.26792,-0.69417,0.43409,-0.10972,0.52837,-0.5795
-0.67188,0.39063,-0.5,0.25357,-0.42435,0.51849,-0.26312,0.41119,-0.090547
-0,-0.14063,-0.92188,0.32638,-0.22063,0.75952,0.027697,-0.086286,-0.60933
0.20313,0.9375,-0,-0.082975,-0.75652,0.55124,-0.059655,0.014914,0.030893
-0.10938,0.78125,-0.39063,-0.26378,-0.69212,0.42927,-0.13635,0.56139,-0.55287
-0.65625,0.40625,-0.48438,0.24807,-0.42616,0.51837,-0.31425,0.41971,-0.079895
-0.046875,-0.1875,-0.9375,0.33279,-0.21644,0.75482,0.083091,-0.18109,-0.61466
0.17188,0.9375,0.015625,-0.087123,-0.75858,0.55114,-0.028762,0.034088,0.04048
-0.078125,0.85938,-0.375,-0.26185,-0.69216,0.41946,-0.29295,0.57524,-0.55607
-0.6875,0.40625,-0.46875,0.24439,-0.43327,0.52034,-0.28762,0.40374,-0.09907
-0.03125,-0.1875,-0.9375,0.33075,-0.21228,0.75963,0.018109,-0.14061,-0.61466
0.20313,0.9375,-0,-0.087006,-0.75254,0.55363,-0.052198,-0.0053263,0.050067
-0.10938,0.89063,-0.35938,-0.24932,-0.69621,0.41477,-0.34088,0.52411,-0.56566
-0.6875,0.39063,-0.51563,0.23527,-0.42802,0.52016,-0.24288,0.40267,-0.12144
-0,-0.125,-0.90625,0.33275,-0.21645,0.7524,-0.12144,0.012783,-0.60507
0.17188,0.95313,0.015625,-0.08701,-0.74852,0.55116,-0.051133,-0.0085221,0.05859
-0.10938,0.875,-0.35938,-0.24527,-0.70239,0.40743,-0.14807,0.48789,-0.54222
-0.65625,0.375,-0.5,0.23708,-0.43155,0.52019,-0.20347,0.42611,-0.13742
0.015625,-0.078125,-0.9375,0.33921,-0.21017,0.75012,-0.1012,0.024501,-0.59548
0.20313,0.96875,0.015625,-0.091251,-0.75461,0.54858,-0.030893,-0.021305,0.068177
-0.14063,0.82813,-0.35938,-0.24951,-0.69832,0.4049,-0.046872,0.50174,-0.51878
-0.64063,0.375,-0.5,0.23157,-0.43867,0.52212,-0.23116,0.4325,-0.14488
-0,-0.10938,-0.95313,0.33691,-0.21231,0.74042,-0.03835,-0.028762,-0.58803
0.20313,0.95313,-0.015625,-0.093313,-0.75463,0.54854,-0.035154,-0.04048,0.073503
-0.125,0.8125,-0.35938,-0.24533,-0.70446,0.40495,-0.11185,0.52091,-0.50174
-0.64063,0.40625,-0.51563,0.22795,-0.43338,0.52206,-0.24182,0.42184,-0.14594
-0.03125,-0.125,-0.95313,0.33271,-0.20401,0.7428,-0.039415,-0.085221,-0.54968
0.20313,0.96875,-0,-0.087171,-0.75859,0.54867,-0.042611,-0.046872,0.079895
-0.1875,0.875,-0.34375,-0.23501,-0.70446,0.39285,-0.24821,0.50174,-0.51239
-0.6875,0.42188,-0.53125,0.22234,-0.43344,0.51575,-0.23436,0.39095,-0.13529
-0.015625,-0.10938,-0.95313,0.3391,-0.20605,0.74048,-0.013848,-0.1012,-0.57205
0.20313,0.96875,-0,-0.09329,-0.75262,0.54854,-0.031958,-0.056459,0.07883
-0.14063,0.875,-0.35938,-0.23303,-0.71678,0.39035,-0.27377,0.48896,-0.50707
-0.65625,0.40625,-0.51563,0.22052,-0.43699,0.51776,-0.20027,0.39734,-0.12357
-0.046875,-0.14063,-0.95313,0.33902,-0.204,0.73325,-0.02024,-0.063916,-0.60187
0.17188,0.9375,-0,-0.097434,-0.75869,0.5509,-0.021305,-0.043676,0.091613
-0.125,0.85938,-0.34375,-0.22673,-0.7147,0.38804,-0.2269,0.49322,-0.4815
-0.64063,0.39063,-0.51563,0.21859,-0.44056,0.51358,-0.25992,0.40693,-0.1257
-0,-0.10938,-0.95313,0.33689,-0.20609,0.73562,-0.030893,-0.017044,-0.60294
0.20313,0.96875,-0,-0.093429,-0.76067,0.54605,-0.029827,-0.056459,0.10013
-0.14063,0.84375,-0.34375,-0.22671,-0.70445,0.38564,-0.17044,0.48256,-0.46339
-0.60938,0.40625,-0.51563,0.21497,-0.43881,0.51558,-0.26206,0.38776,-0.12783
-0,-0.14063,-0.92188,0.3434,-0.19772,0.73577,-0.025566,-0.0095874,-0.56566
0.21875,0.96875,-0,-0.091299,-0.75461,0.54611,-0.011718,-0.077764,0.11079
-0.1875,0.82813,-0.35938,-0.22684,-0.71063,0.38067,-0.15553,0.49109,-0.44315
-0.625,0.35938,-0.5,0.20579,-0.44241,0.51538,-0.24288,0.37497,-0.11718
-0,-0.15625,-0.9375,0.34326,-0.19776,0.72611,-0.025566,-0.044741,-0.49535
0.21875,0.96875,-0,-0.093452,-0.76268,0.54605,-0.0031958,-0.086286,0.10759
-0.15625,0.85938,-0.39063,-0.21857,-0.71473,0.37343,-0.22477,0.48896,-0.46552
-0.6875,0.39063,-0.54688,0.20757,-0.44418,0.51334,-0.23116,0.38456,-0.11398
-0.03125,-0.14063,-0.90625,0.34104,-0.1978,0.72124,-0.067112,-0.030893,-0.50494
0.21875,0.9375,-0.015625,-0.099545,-0.75872,0.54838,0,-0.063916,0.1044
-0.10938,0.95313,-0.32813,-0.21242,-0.71475,0.36371,-0.22477,0.45593,-0.49002
-0.70313,0.42188,-0.5625,0.20023,-0.4407,0.51113,-0.29295,0.41439,-0.1289
-0.03125,-0.10938,-0.9375,0.34317,-0.19156,0.71648,-0.072438,-0.027697,-0.50707
0.23438,0.96875,-0,-0.093384,-0.75665,0.54606,0.017044,-0.046872,0.094809
-0.1875,0.875,-0.35938,-0.2124,-0.71884,0.36615,-0.050067,0.41545,-0.48043
-0.65625,0.4375,-0.54688,0.19838,-0.44425,0.51108,-0.30147,0.44741,-0.15659
-0.015625,-0.10938,-0.9375,0.34331,-0.19152,0.72614,-0.02024,-0.0031958,-0.49322
0.25,0.92188,0.046875,-0.099639,-0.76275,0.5459,0.022371,-0.041545,0.083091
-0.17188,0.875,-0.375,-0.20405,-0.71676,0.36141,-0.0010653,0.41119,-0.4847
-0.625,0.46875,-0.54688,0.19275,-0.45139,0.50681,-0.29934,0.46765,-0.16405
-0.015625,-0.125,-0.90625,0.3454,-0.19359,0.72375,0.04048,0.012783,-0.50174
0.21875,0.9375,-0,-0.10173,-0.75272,0.53847,0.017044,-0.045806,0.070307
-0.17188,0.85938,-0.375,-0.19768,-0.71671,0.36401,-0.021305,0.39415,-0.4815
-0.625,0.46875,-0.54688,0.191,-0.45139,0.51091,-0.20773,0.44528,-0.14914
-0,-0.10938,-0.95313,0.34543,-0.18528,0.72137,0.055394,-0.0010653,-0.44954
0.20313,0.9375,-0.015625,-0.10161,-0.75874,0.54833,0.021305,-0.012783,0.067112
-0.20313,0.85938,-0.375,-0.18929,-0.71667,0.36172,-0.0074569,0.37391,-0.50813
-0.64063,0.46875,-0.53125,0.18554,-0.45142,0.51286,-0.090547,0.43782,-0.13316
-0.015625,-0.125,-0.9375,0.3477,-0.18315,0.72866,0.091613,-0.015979,-0.44741
0.20313,0.9375,-0,-0.099448,-0.75871,0.55332,0.02024,0.028762,0.061785
-0.20313,0.84375,-0.35938,-0.18927,-0.72076,0.36416,-0.055394,0.37817,-0.52411
-0.625,0.4375,-0.54688,0.18365,-0.44437,0.50665,0,0.42504,-0.13103
-0.078125,-0.17188,-0.96875,0.34334,-0.17906,0.72137,0.17683,-0.010653,-0.50387
0.20313,0.92188,-0,-0.10564,-0.75476,0.55072,0.010653,0.045806,0.063916
-0.17188,0.8125,-0.35938,-0.18298,-0.71868,0.36184,-0.079895,0.40374,-0.48896
-0.625,0.42188,-0.5625,0.17818,-0.45148,0.51064,-0.029827,0.40906,-0.12464
-0.046875,-0.1875,-0.92188,0.3454,-0.18114,0.71656,0.12464,0.067112,-0.51772
0.25,0.95313,0.015625,-0.10787,-0.75681,0.54325,-0.017044,0.034088,0.051133
-0.17188,0.85938,-0.34375,-0.17877,-0.71251,0.35951,-0.11611,0.41652,-0.457
-0.57813,0.40625,-0.53125,0.17274,-0.44444,0.51055,-0.061785,0.40587,-0.11505
-0,-0.10938,-0.875,0.33909,-0.1687,0.71893,0.057524,0.1779,-0.51133
0.21875,0.95313,0.015625,-0.10576,-0.75276,0.54331,0.0010653,0.037284,0.057524
-0.23438,0.85938,-0.32813,-0.17468,-0.71867,0.35463,-0.1044,0.3771,-0.46552
-0.59375,0.42188,-0.54688,0.17079,-0.44978,0.50636,-0.11611,0.39628,-0.10227
0.0625,-0.17188,-0.89063,0.34127,-0.16452,0.71899,0.056459,0.20986,-0.47937
0.23438,0.95313,-0,-0.11204,-0.75686,0.54069,-0.0085221,0.028762,0.061785
-0.25,0.73438,-0.35938,-0.17251,-0.71659,0.35715,0.014914,0.39841,-0.47191
-0.57813,0.42188,-0.51563,0.16714,-0.44803,0.50629,-0.10333,0.39095,-0.092678
0.046875,-0.23438,-0.90625,0.33909,-0.16455,0.71654,0.1257,0.050067,-0.42291
0.23438,0.9375,-0,-0.10977,-0.75079,0.54816,-0.022371,0.037284,0.061785
-0.1875,0.78125,-0.34375,-0.16421,-0.71658,0.34994,-0.24714,0.40054,-0.50174
-0.59375,0.39063,-0.54688,0.16536,-0.44627,0.50833,-0.11931,0.37071,-0.068177
-0.125,-0.25,-0.9375,0.34548,-0.16244,0.71183,0.036219,-0.093743,-0.46978
0.23438,0.9375,0.03125,-0.11204,-0.75686,0.54069,-0.034088,0.045806,0.061785
-0.20313,0.89063,-0.35938,-0.1643,-0.72276,0.34743,-0.32384,0.35473,-0.49109
-0.5625,0.375,-0.60938,0.16167,-0.44984,0.50824,-0.16725,0.34088,-0.084156
-0.015625,-0.14063,-0.9375,0.33694,-0.16042,0.71411,-0.40374,0.37071,-0.42717
0.23438,0.9375,-0,-0.116,-0.75488,0.548,-0.012783,0.056459,0.063916
-0.23438,0.84375,-0.35938,-0.14748,-0.72267,0.34532,0.018109,0.31425,-0.48789
-0.5625,0.45313,-0.59375,0.15612,-0.45342,0.50605,-0.21838,0.38456,-0.13209
0.046875,-0.046875,-0.95313,0.339,-0.1708,0.71409,-0.40587,0.39095,-0.42611
0.25,0.9375,0.015625,-0.11617,-0.75288,0.53813,-0.027697,0.019175,0.066046
-0.26563,0.79688,-0.375,-0.14954,-0.71652,0.34532,0.28869,0.30893,-0.46232
-0.51563,0.46875,-0.5625,0.15437,-0.45165,0.51015,-0.22903,0.35686,-0.12677
0.046875,-0.078125,-0.9375,0.33048,-0.1667,0.71639,-0.21518,0.24288,-0.40906
0.25,0.90625,-0,-0.12025,-0.75292,0.5405,-0.061785,0.0031958,0.064981
-0.25,0.71875,-0.4375,-0.13679,-0.71436,0.35053,0.1992,0.34088,-0.40054
-0.54688,0.42188,-0.57813,0.14883,-0.44816,0.50591,-0.09907,0.29082,-0.11292
-0,-0.125,-0.95313,0.32619,-0.17088,0.71871,-0.0063916,0.077764,-0.40054
0.25,0.9375,-0,-0.11626,-0.75691,0.53565,-0.082025,0.0021305,0.056459
-0.21875,0.82813,-0.40625,-0.13682,-0.72461,0.35292,-0.1534,0.34621,-0.35899
-0.57813,0.40625,-0.59375,0.15064,-0.45169,0.50594,0.029827,0.27377,-0.12037
-0,-0.15625,-0.9375,0.32397,-0.16262,0.70906,0.071373,0.039415,-0.39521
0.23438,0.95313,0.03125,-0.12032,-0.75494,0.53803,-0.091613,0.0053263,0.061785
-0.25,0.84375,-0.39063,-0.14101,-0.72053,0.35286,-0.24714,0.33982,-0.3313
-0.59375,0.375,-0.60938,0.13966,-0.45,0.50572,0.027697,0.30467,-0.12464
0.015625,-0.14063,-0.90625,0.32388,-0.16887,0.70661,0.055394,0.10866,-0.38136
0.20313,0.92188,0.015625,-0.11827,-0.76095,0.54053,-0.059655,-0.024501,0.064981
-0.26563,0.82813,-0.375,-0.13259,-0.71639,0.3506,-0.15766,0.3281,-0.29188
-0.54688,0.375,-0.57813,0.1434,-0.44996,0.50993,-0.017044,0.31851,-0.12996
0.015625,-0.17188,-0.90625,0.32186,-0.16263,0.71144,0.071373,0.091613,-0.36006
0.23438,0.96875,0.015625,-0.12039,-0.75696,0.53555,-0.12357,0.028762,0.052198
-0.25,0.76563,-0.40625,-0.13464,-0.71433,0.35303,-0.0010653,0.31958,-0.24395
-0.5625,0.4375,-0.59375,0.14337,-0.4482,0.50787,-0.17364,0.30254,-0.13955
-0,-0.14063,-0.90625,0.32835,-0.15633,0.71157,0.026632,0.030893,-0.31532
0.25,0.92188,0.0625,-0.11844,-0.76297,0.53312,-0.11824,0.0042611,0.054328
-0.25,0.78125,-0.375,-0.13269,-0.71847,0.34566,-0.047937,0.29295,-0.25673
-0.59375,0.48438,-0.5625,0.14152,-0.45175,0.50782,-0.19068,0.2759,-0.12677
0.03125,-0.15625,-0.9375,0.32194,-0.16053,0.71628,0.030893,-0.0031958,-0.24288
0.25,0.95313,0.03125,-0.12058,-0.76501,0.53059,-0.088417,-0.0085221,0.033023
-0.23438,0.79688,-0.39063,-0.13482,-0.71439,0.34318,-0.077764,0.29721,-0.27803
-0.54688,0.4375,-0.60938,0.13783,-0.45001,0.50568,-0.14807,0.29082,-0.11398
-0.046875,-0.1875,-0.90625,0.32842,-0.15631,0.7164,0.068177,-0.049002,-0.2791
0.23438,0.95313,0.03125,-0.12266,-0.76303,0.52808,-0.14914,0.019175,0.023436
-0.23438,0.82813,-0.39063,-0.1243,-0.72458,0.3458,-0.10227,0.28123,-0.26525
-0.53125,0.4375,-0.59375,0.13412,-0.44651,0.50148,-0.14275,0.27058,-0.11718
-0.03125,-0.21875,-0.95313,0.32192,-0.15016,0.70908,0.044741,0.0085221,-0.30467
0.23438,0.95313,0.015625,-0.13104,-0.76112,0.52048,-0.12996,0,0.031958
-0.23438,0.82813,-0.375,-0.12416,-0.71634,0.35078,-0.10653,0.24182,-0.23862
-0.54688,0.42188,-0.625,0.1287,-0.45185,0.50755,-0.12037,0.22584,-0.12357
-0,-0.14063,-0.89063,0.32407,-0.15429,0.71151,-0.0063916,0.064981,-0.30467
0.29688,0.9375,0.03125,-0.12926,-0.76916,0.51063,-0.093743,-0.02024,0.037284
-0.25,0.82813,-0.39063,-0.12432,-0.72048,0.34336,-0.070307,0.20453,-0.20133
-0.57813,0.48438,-0.60938,0.13412,-0.45182,0.50353,-0.1044,0.20027,-0.12357
0.015625,-0.14063,-0.90625,0.31979,-0.14809,0.70906,0.021305,0.054328,-0.26845
0.25,0.96875,0.03125,-0.11873,-0.763,0.5183,-0.087352,-0.035154,0.04048
-0.25,0.76563,-0.40625,-0.12217,-0.71431,0.34344,0.043676,0.19494,-0.18323
-0.51563,0.45313,-0.60938,0.1267,-0.45896,0.50129,-0.0021305,0.20027,-0.10653
0.015625,-0.15625,-0.92188,0.3241,-0.15013,0.71153,0.085221,-0.0021305,-0.25034
0.23438,0.9375,0.015625,-0.12081,-0.77307,0.52317,-0.085221,-0.036219,0.043676
-0.23438,0.78125,-0.39063,-0.11978,-0.71216,0.35828,0.024501,0.18749,-0.18003
-0.54688,0.40625,-0.625,0.125,-0.45188,0.50541,0.036219,0.18855,-0.098004
-0.015625,-0.21875,-0.92188,0.32201,-0.1439,0.71153,0.10546,-0.045806,-0.2301
0.20313,0.95313,0.015625,-0.123,-0.76708,0.51325,-0.072438,-0.0021305,0.043676
-0.23438,0.76563,-0.39063,-0.12432,-0.71434,0.34094,-0.079895,0.17044,-0.16192
-0.54688,0.42188,-0.60938,0.12684,-0.45009,0.50545,0.033023,0.1534,-0.10333
-0.015625,-0.20313,-0.9375,0.32194,-0.14808,0.70909,0.10013,-0.030893,-0.23436
0.25,0.92188,0.03125,-0.13127,-0.76918,0.51305,-0.047937,-0.0085221,0.037284
-0.25,0.8125,-0.375,-0.11791,-0.72042,0.34842,-0.14594,0.13848,-0.13742
-0.54688,0.39063,-0.60938,0.12874,-0.44653,0.50757,-0.0085221,0.13742,-0.10013
-0,-0.1875,-0.92188,0.32403,-0.146,0.70431,-0.034088,0.096939,-0.21731
0.25,0.9375,0.03125,-0.12309,-0.77512,0.51324,-0.039415,-0.0085221,0.027697
-0.26563,0.78125,-0.375,-0.11788,-0.71631,0.34845,-0.067112,0.09907,-0.12251
-0.54688,0.40625,-0.625,0.1287,-0.44654,0.5055,-0.042611,0.13422,-0.083091
-0,-0.17188,-0.89063,0.31776,-0.14185,0.71388,-0.092678,0.13316,-0.18749
0.23438,0.95313,0.046875,-0.12515,-0.77515,0.51319,-0.018109,0.0063916,0.023436
-0.23438,0.75,-0.39063,-0.10744,-0.71833,0.34373,0.068177,0.077764,-0.098004
-0.51563,0.40625,-0.60938,0.125,-0.44657,0.50336,-0.095874,0.10866,-0.059655
0.015625,-0.125,-0.9375,0.31976,-0.1481,0.70664,-0.074569,0.06072,-0.14701
0.25,0.95313,0.03125,-0.12489,-0.76507,0.52062,-0.017044,0.010653,0.027697
-0.26563,0.71875,-0.40625,-0.11571,-0.71423,0.35097,0.044741,0.063916,-0.085221
-0.51563,0.42188,-0.60938,0.11765,-0.45547,0.50525,-0.12144,0.059655,-0.047937
0.015625,-0.125,-0.95313,0.31982,-0.14393,0.70908,-0.042611,0.025566,-0.13955
0.25,0.98438,0.0625,-0.12714,-0.77315,0.51561,-0.026632,0.019175,0.017044
-0.25,0.76563,-0.42188,-0.11364,-0.71218,0.34856,-0.067112,0.057524,-0.03835
-0.53125,0.42188,-0.60938,0.12134,-0.45191,0.50533,-0.050067,0.025566,-0.034088
-0,-0.1875,-0.90625,0.31986,-0.14392,0.71149,0.03835,-0.017044,-0.11185
0.25,0.9375,0.015625,-0.13115,-0.77118,0.52046,0.024501,-0.0010653,0.014914
-0.25,0.78125,-0.42188,-0.11156,-0.71012,0.34616,-0.1747,0.046872,0.0074569
-0.51563,0.40625,-0.625,0.12491,-0.44835,0.49922,-0.024501,0.041545,-0.049002
-0,-0.1875,-0.90625,0.31761,-0.14397,0.70421,0.024501,-0.04048,-0.077764
0.21875,0.9375,0.046875,-0.12506,-0.77514,0.51813,0.033023,0.019175,0.024501
-0.25,0.8125,-0.42188,-0.11999,-0.71018,0.34598,-0.13848,0.011718,0.033023
-0.53125,0.40625,-0.64063,0.12678,-0.45364,0.50337,-0.049002,0.010653,-0.05859
-0,-0.20313,-0.89063,0.3156,-0.14395,0.71384,-0.063916,0.034088,-0.030893
0.20313,0.9375,0.046875,-0.12909,-0.76714,0.51805,0.024501,0.024501,0.025566
-0.25,0.79688,-0.40625,-0.11357,-0.71626,0.35346,-0.030893,-0.028762,0.047937
-0.5625,0.40625,-0.625,0.11766,-0.4484,0.5032,-0.1012,-0.0031958,-0.063916
0.015625,-0.125,-0.95313,0.31986,-0.14807,0.71389,-0.14275,0.063916,0
0.25,0.95313,0.046875,-0.12912,-0.76513,0.51558,0.017044,0.036219,0.022371
-0.26563,0.75,-0.42188,-0.10939,-0.71419,0.3511,0.055394,-0.056459,0.045806
-0.53125,0.4375,-0.60938,0.12314,-0.45013,0.50331,-0.10653,-0.021305,-0.042611
-0,-0.125,-0.95313,0.31326,-0.15439,0.70651,-0.085221,0.037284,0.0021305
0.25,0.95313,0.03125,-0.12914,-0.76714,0.51558,0.028762,0.057524,-0.0010653
-0.25,0.76563,-0.4375,-0.11154,-0.71422,0.34859,-0.033023,-0.062851,0.083091
-0.51563,0.46875,-0.625,0.12486,-0.45544,0.4992,-0.1044,-0.037284,-0.0053263
-0,-0.14063,-0.9375,0.31544,-0.14607,0.70417,0.0042611,-0.023436,0.012783
0.25,0.92188,0.03125,-0.12923,-0.77117,0.5131,0.0010653,0.053263,-0.010653
-0.26563,0.8125,-0.40625,-0.1179,-0.71222,0.34601,-0.17896,-0.076699,0.10546
-0.53125,0.46875,-0.60938,0.12296,-0.46431,0.49913,-0.12144,-0.075634,0.0085221
0.015625,-0.14063,-0.92188,0.32194,-0.14808,0.70909,0.03835,-0.025566,0.026632
0.26563,0.9375,0.03125,-0.12911,-0.77317,0.5205,0.013848,0.047937,-0.0010653
-0.25,0.8125,-0.40625,-0.11788,-0.71631,0.34845,-0.14701,-0.1012,0.11718
-0.54688,0.4375,-0.59375,0.12117,-0.45901,0.49911,-0.063916,-0.04048,0.026632
-0,-0.1875,-0.95313,0.32204,-0.14389,0.71394,0.056459,-0.013848,0.044741
0.23438,0.95313,0.03125,-0.13324,-0.76919,0.51795,0.022371,0.036219,0.0053263
-0.28125,0.79688,-0.42188,-0.12626,-0.70815,0.34832,-0.047937,-0.11718,0.1289
-0.5625,0.42188,-0.59375,0.12667,-0.4625,0.50128,-0.042611,-0.034088,0.037284
0.015625,-0.125,-0.9375,0.31546,-0.14399,0.70418,-0.018109,0.030893,0.052198
0.26563,0.95313,0.0625,-0.12509,-0.76509,0.51074,0.052198,0.027697,0.0021305
-0.26563,0.76563,-0.39063,-0.12207,-0.71223,0.34839,-0.011718,-0.12677,0.14701
-0.54688,0.4375,-0.60938,0.12834,-0.45898,0.49099,-0.073503,-0.062851,0.041545
0.03125,-0.15625,-0.92188,0.31967,-0.1502,0.7018,-0.011718,0.028762,0.062851
0.26563,0.95313,0.0625,-0.12709,-0.77315,0.51808,0.039415,0.052198,-0.024501
-0.25,0.75,-0.40625,-0.1177,-0.71626,0.3583,-0.031958,-0.13422,0.15127
-0.51563,0.45313,-0.60938,0.12476,-0.45899,0.49505,-0.11611,-0.077764,0.017044
-0.015625,-0.14063,-0.92188,0.32192,-0.14601,0.70669,0.042611,-0.044741,0.072438
0.25,0.95313,0.0625,-0.13125,-0.76717,0.51306,0.025566,0.044741,-0.037284
-0.25,0.79688,-0.40625,-0.12213,-0.7143,0.34591,-0.19494,-0.14594,0.16831
-0.53125,0.42188,-0.59375,0.12839,-0.4572,0.49307,-0.17577,-0.12251,0.064981
0.03125,-0.14063,-0.92188,0.32184,-0.15641,0.70664,0.024501,-0.0053263,0.098004
0.26563,0.92188,0.046875,-0.12305,-0.76708,0.51078,0.033023,0.035154,-0.031958
-0.25,0.84375,-0.39063,-0.12627,-0.7102,0.34831,-0.25779,-0.17896,0.18323
-0.5625,0.4375,-0.59375,0.12665,-0.46074,0.49922,-0.21305,-0.13316,0.083091
0.015625,-0.15625,-0.9375,0.31976,-0.1481,0.70664,0.057524,0.0053263,0.10759
0.26563,0.92188,0.03125,-0.12499,-0.76508,0.51568,0.053263,0.027697,-0.030893
-0.25,0.85938,-0.39063,-0.1306,-0.71436,0.34327,-0.17364,-0.20027,0.20027
-0.5625,0.46875,-0.59375,0.1245,-0.46788,0.48469,-0.30254,-0.10653,0.10759
-0,-0.14063,-0.95313,0.3134,-0.1502,0.71377,0.053263,0.013848,0.10866
0.23438,0.95313,0.046875,-0.12506,-0.7671,0.5132,0.021305,0.039415,-0.028762
-0.21875,0.75,-0.42188,-0.13277,-0.71644,0.34075,-0.02024,-0.21092,0.22584
-0.57813,0.46875,-0.60938,0.1263,-0.47141,0.48471,-0.30999,-0.10653,0.10759
0.03125,-0.15625,-0.92188,0.31343,-0.14604,0.71379,0.093743,0.0031958,0.14061
0.25,0.95313,0.0625,-0.12926,-0.76916,0.51063,0.0074569,0.045806,-0.037284
-0.23438,0.75,-0.39063,-0.13055,-0.71229,0.34574,-0.09907,-0.22903,0.25779
-0.48438,0.4375,-0.59375,0.12989,-0.4767,0.4827,-0.21305,-0.089482,0.087352
-0,-0.1875,-0.9375,0.31551,-0.14605,0.709,0.12783,-0.028762,0.15872
0.26563,0.90625,0.015625,-0.12724,-0.77316,0.51067,0.037284,0.021305,-0.044741
-0.23438,0.79688,-0.42188,-0.1305,-0.71228,0.34821,-0.21305,-0.23649,0.27058
-0.54688,0.45313,-0.5625,0.12619,-0.48204,0.48261,-0.20347,-0.14275,0.083091
0.015625,-0.17188,-0.9375,0.31347,-0.15433,0.721,0.017044,0.03835,0.21412
0.26563,0.96875,0.03125,-0.11887,-0.76703,0.51335,-0.026632,0.03835,-0.057524
-0.26563,0.875,-0.39063,-0.13281,-0.71646,0.33828,-0.24288,-0.28336,0.28656
-0.54688,0.46875,-0.5625,0.12618,-0.4732,0.4785,-0.27271,-0.16618,0.08096
-0,-0.15625,-0.90625,0.31983,-0.15223,0.71387,-0.0031958,0.044741,0.23116
0.23438,0.92188,0.03125,-0.12496,-0.76709,0.51814,0.027697,0.05859,-0.049002
-0.23438,0.8125,-0.375,-0.13895,-0.71439,0.34802,-0.0042611,-0.29188,0.29508
-0.5625,0.51563,-0.57813,0.1261,-0.48382,0.47847,-0.26099,-0.1502,0.079895
0.015625,-0.125,-0.95313,0.31541,-0.15438,0.70654,-0.0085221,0.067112,0.25353
0.25,0.95313,0.03125,-0.12499,-0.7691,0.51814,0.028762,0.031958,-0.043676
-0.25,0.75,-0.40625,-0.14524,-0.71647,0.35033,0.051133,-0.30786,0.34088
-0.53125,0.48438,-0.54688,0.13135,-0.4909,0.46822,-0.22264,-0.1779,0.056459
0.03125,-0.14063,-0.92188,0.30902,-0.15649,0.71126,0.027697,0.050067,0.27377
0.25,0.96875,0.03125,-0.12304,-0.7711,0.51324,0.026632,0.046872,-0.047937
-0.23438,0.76563,-0.39063,-0.14513,-0.70619,0.35287,-0.062851,-0.31212,0.37817
-0.54688,0.46875,-0.54688,0.12587,-0.48917,0.46812,-0.20027,-0.23968,0.045806
-0,-0.20313,-0.9375,0.31768,-0.15225,0.71383,0.093743,-0.021305,0.31425
0.23438,0.95313,0.046875,-0.11866,-0.765,0.52323,0.025566,0.047937,-0.046872
-0.23438,0.82813,-0.39063,-0.14737,-0.71239,0.34785,-0.14914,-0.3036,0.38882
-0.59375,0.46875,-0.54688,0.13496,-0.49265,0.46623,-0.19175,-0.25992,0.055394
-0,-0.17188,-0.9375,0.31559,-0.15433,0.71862,0.055394,-0.021305,0.33556
0.25,0.95313,0.03125,-0.1189,-0.76904,0.51334,0.043676,0.047937,-0.052198
-0.20313,0.875,-0.34375,-0.14963,-0.72269,0.34281,-0.23862,-0.33023,0.38243
-0.59375,0.48438,-0.57813,0.13136,-0.49443,0.47028,-0.19388,-0.23649,0.085221
-0,-0.17188,-0.95313,0.3156,-0.15225,0.71863,-0.0042611,0.035154,0.34515
0.23438,0.9375,0.046875,-0.11458,-0.76496,0.52086,0.049002,0.055394,-0.059655
-0.23438,0.84375,-0.39063,-0.16014,-0.71045,0.34021,-0.11611,-0.3803,0.36326
-0.54688,0.51563,-0.54688,0.13486,-0.4962,0.46208,-0.21199,-0.22158,0.11079
0.015625,-0.15625,-0.9375,0.31133,-0.1585,0.72336,-0.0063916,0.085221,0.33343
0.23438,0.9375,0.046875,-0.11887,-0.77105,0.51581,0.062851,0.070307,-0.05859
-0.21875,0.84375,-0.375,-0.15994,-0.71449,0.3525,-0.069242,-0.39308,0.38776
-0.54688,0.53125,-0.54688,0.13671,-0.49795,0.46418,-0.18216,-0.25673,0.12996
0.015625,-0.15625,-0.92188,0.30281,-0.1544,0.72565,0.061785,0.068177,0.35367
0.26563,0.95313,0.03125,-0.11461,-0.76295,0.51839,0.074569,0.072438,-0.051133
-0.20313,0.82813,-0.375,-0.16203,-0.7186,0.35489,-0.061785,-0.40054,0.40054
-0.54688,0.51563,-0.5,0.1402,-0.5068,0.45802,-0.049002,-0.29614,0.15553
0.015625,-0.17188,-0.95313,0.30495,-0.15438,0.72568,0.08096,0.050067,0.37178
0.23438,0.9375,0.03125,-0.11676,-0.77102,0.51833,0.070307,0.076699,-0.043676
-0.21875,0.8125,-0.34375,-0.16625,-0.71862,0.3548,-0.089482,-0.42611,0.42504
-0.5625,0.51563,-0.5,0.1347,-0.50153,0.45586,0.025566,-0.32597,0.15766
0.015625,-0.1875,-0.92188,0.30504,-0.15643,0.73292,0.094809,0.027697,0.39947
0.23438,0.9375,0.03125,-0.1187,-0.76903,0.52322,0.069242,0.068177,-0.029827
-0.20313,0.79688,-0.34375,-0.16003,-0.71452,0.34757,-0.1257,-0.44102,0.44954
-0.54688,0.48438,-0.48438,0.14026,-0.50325,0.4601,0.036219,-0.33556,0.14807
0.03125,-0.17188,-0.90625,0.30712,-0.16058,0.73052,0.077764,0.023436,0.41652
0.25,0.9375,0.03125,-0.11449,-0.76495,0.5258,0.069242,0.057524,-0.034088
-0.21875,0.84375,-0.35938,-0.17474,-0.72074,0.35215,-0.15659,-0.44422,0.47085
-0.57813,0.48438,-0.5,0.13835,-0.50859,0.45798,0.043676,-0.36219,0.13529
0.03125,-0.15625,-0.92188,0.3049,-0.16062,0.72565,0.030893,0.044741,0.43356
0.23438,0.9375,0.015625,-0.11677,-0.76298,0.51341,0.07883,0.064981,-0.049002
-0.1875,0.8125,-0.34375,-0.17701,-0.71875,0.34227,-0.14488,-0.45806,0.49322
-0.60938,0.46875,-0.51563,0.14744,-0.50676,0.45404,0.0042611,-0.37817,0.13742
-0,-0.17188,-0.95313,0.30282,-0.15647,0.72805,0.015979,0.02024,0.46019
0.26563,0.95313,0.0625,-0.11017,-0.76087,0.53332,0.075634,0.05859,-0.044741
-0.17188,0.8125,-0.34375,-0.18528,-0.71466,0.34951,-0.14807,-0.47085,0.49002
-0.5625,0.5,-0.5,0.14732,-0.50855,0.44783,-0.055394,-0.36752,0.12996
0.015625,-0.15625,-0.92188,0.30063,-0.16687,0.73038,0.0053263,0.027697,0.46339
0.23438,0.9375,0.03125,-0.11026,-0.7649,0.53084,0.091613,0.061785,-0.041545
-0.17188,0.875,-0.35938,-0.18947,-0.71672,0.35187,-0.19175,-0.50174,0.48256
-0.57813,0.51563,-0.5,0.15112,-0.51027,0.45617,-0.067112,-0.3835,0.13316
0.046875,-0.125,-0.9375,0.30073,-0.17099,0.74002,-0.0021305,0.041545,0.48363
0.23438,0.9375,0.03125,-0.11657,-0.76699,0.52575,0.071373,0.071373,-0.041545
-0.20313,0.875,-0.32813,-0.1851,-0.7146,0.35936,-0.14914,-0.53263,0.49002
-0.59375,0.54688,-0.5,0.15655,-0.50847,0.45216,-0.044741,-0.38882,0.14381
0.015625,-0.15625,-0.9375,0.29864,-0.16477,0.74002,0.027697,0.045806,0.49002
0.23438,0.9375,0.015625,-0.11228,-0.7609,0.5308,0.073503,0.082025,-0.036219
-0.21875,0.82813,-0.35938,-0.19164,-0.72086,0.34933,-0.073503,-0.54328,0.49748
-0.59375,0.54688,-0.48438,0.15099,-0.51206,0.44996,-0.0074569,-0.39841,0.16831
0.03125,-0.14063,-0.90625,0.29441,-0.16893,0.74717,0.083091,0.0085221,0.50174
0.23438,0.9375,0.03125,-0.11017,-0.76087,0.53332,0.098004,0.10759,-0.03835
-0.1875,0.82813,-0.375,-0.1999,-0.71471,0.35659,-0.10866,-0.54009,0.51452
-0.60938,0.53125,-0.5,0.15654,-0.51024,0.45215,0.029827,-0.43889,0.17577
0.015625,-0.1875,-0.92188,0.30297,-0.16888,0.7449,0.10013,0.0021305,0.51985
0.23438,0.92188,0.015625,-0.12252,-0.76301,0.53549,0.089482,0.093743,-0.044741
-0.14063,0.84375,-0.34375,-0.20836,-0.71887,0.35638,-0.15766,-0.54968,0.52518
-0,-0.15625,-0.9375,0.3008,-0.17097,0.74485,0.033023,0.039415,0.54328
0.21875,0.9375,0.015625,-0.11024,-0.75887,0.52838,0.069242,0.08096,-0.049002
-0.15625,0.875,-0.34375,-0.21043,-0.71887,0.3588,-0.12037,-0.59868,0.52091
0.078125,-0.15625,-0.90625,0.29648,-0.17517,0.74476,-0.0031958,0.062851,0.54222
0.21875,0.9375,0.015625,-0.11214,-0.76089,0.53821,0.085221,0.086286,-0.045806
-0.17188,0.85938,-0.32813,-0.21246,-0.72091,0.36367,-0.010653,-0.62318,0.5028
0.046875,-0.15625,-0.9375,0.29644,-0.17933,0.74474,-0.031958,0.095874,0.57205
0.23438,0.95313,-0,-0.10602,-0.75881,0.53342,0.091613,0.088417,-0.043676
-0.17188,0.84375,-0.34375,-0.2187,-0.71477,0.36604,0.087352,-0.62424,0.5028
0.015625,-0.125,-0.95313,0.29005,-0.18144,0.74945,-0.023436,0.069242,0.57418
0.25,0.96875,0.03125,-0.10583,-0.75478,0.54084,0.095874,0.090547,-0.041545
-0.15625,0.85938,-0.35938,-0.21011,-0.71057,0.37364,0.059655,-0.62531,0.51026
0.0625,-0.125,-0.92188,0.28799,-0.18351,0.75665,-0.027697,0.082025,0.59122
0.21875,0.95313,-0,-0.09969,-0.75873,0.54097,0.09907,0.08096,-0.045806
-0.15625,0.85938,-0.375,-0.21428,-0.71058,0.37601,0.026632,-0.62531,0.51026
0.015625,-0.14063,-0.95313,0.29007,-0.18766,0.75425,0.0095874,0.046872,0.6072
0.1875,0.98438,0.0625,-0.10979,-0.7528,0.54815,0.10013,0.073503,-0.047937
-0.15625,0.84375,-0.35938,-0.22659,-0.70646,0.39302,0.015979,-0.62105,0.51239
0.015625,-0.15625,-0.9375,0.28807,-0.18764,0.76388,0.031958,0.02024,0.59548
0.20313,0.9375,-0,-0.10782,-0.7568,0.54572,0.1012,0.086286,-0.054328
-0.15625,0.85938,-0.3125,-0.22466,-0.7065,0.38321,-0.079895,-0.6317,0.51665
0.015625,-0.14063,-0.92188,0.27942,-0.18979,0.76131,0.017044,0.063916,0.59016
0.21875,0.95313,-0.015625,-0.099387,-0.74464,0.54841,0.093743,0.10013,-0.05859
-0.125,0.875,-0.35938,-0.23095,-0.70038,0.38312,-0.11185,-0.64768,0.49961
0.03125,-0.125,-0.9375,0.28157,-0.19393,0.76374,0.030893,0.087352,0.58803
0.21875,0.9375,0.015625,-0.10571,-0.75276,0.54578,0.089482,0.10653,-0.062851
-0.15625,0.85938,-0.35938,-0.23305,-0.70654,0.38549,-0.022371,-0.66259,0.51452
0.03125,-0.14063,-0.90625,0.28369,-0.19807,0.76376,0.053263,0.082025,0.60507
0.21875,0.9375,-0,-0.10552,-0.74872,0.5532,0.084156,0.10227,-0.076699
-0.15625,0.85938,-0.34375,-0.23509,-0.70243,0.38794,-0.0085221,-0.65514,0.52304
0.0625,-0.14063,-0.92188,0.27733,-0.19602,0.76849,0.073503,0.05859,0.63277
0.20313,0.96875,0.015625,-0.10562,-0.74873,0.54826,0.089482,0.088417,-0.062851
-0.14063,0.84375,-0.35938,-0.2392,-0.70652,0.39522,-0.033023,-0.6562,0.51133
0.0625,-0.125,-0.92188,0.2796,-0.19389,0.77578,0.1012,0.02024,0.64875
0.20313,0.89063,-0.03125,-0.10135,-0.74867,0.55576,0.13848,0.051133,-0.043676
-0.125,0.84375,-0.34375,-0.24331,-0.70447,0.40007,-0.085221,-0.66259,0.51985
0.0625,-0.15625,-0.92188,0.28168,-0.2022,0.77577,0.14381,-0.0063916,0.63064
0.21875,0.96875,-0.015625,-0.099361,-0.74664,0.55088,0.062851,0.093743,-0.059655
-0.14063,0.875,-0.34375,-0.24322,-0.70444,0.40499,-0.11398,-0.67964,0.54648
0.03125,-0.15625,-0.92188,0.27532,-0.20015,0.78051,0.14275,-0.0031958,0.6349
0.20313,0.95313,-0.015625,-0.10135,-0.74867,0.55576,0.11398,0.12677,-0.047937
-0.125,0.84375,-0.32813,-0.24731,-0.70443,0.4123,-0.098004,-0.67751,0.56033
0.03125,-0.17188,-0.9375,0.27527,-0.20224,0.77808,0.10227,0.014914,0.65833
0.1875,0.95313,-0,-0.099238,-0.74864,0.55828,0.09907,0.088417,-0.049002
-0.10938,0.875,-0.32813,-0.24314,-0.70442,0.40992,-0.098004,-0.67751,0.56566
0.046875,-0.17188,-0.92188,0.27529,-0.20016,0.77809,0.063916,0.027697,0.66899
0.1875,0.95313,-0,-0.10125,-0.74866,0.5607,0.12037,0.093743,-0.036219
-0.125,0.89063,-0.3125,-0.25157,-0.70447,0.40974,-0.079895,-0.68497,0.54755
0.078125,-0.17188,-0.85938,0.27533,-0.2043,0.7829,-0.012783,0.044741,0.67644
0.20313,0.95313,-0.015625,-0.1054,-0.7467,0.55814,0.095874,0.07883,-0.035154
-0.10938,0.875,-0.35938,-0.25352,-0.70033,0.41712,-0.023436,-0.7116,0.54435
0.0625,-0.125,-0.92188,0.27754,-0.20426,0.78777,-0.017044,0.045806,0.67325
0.20313,0.96875,-0.015625,-0.099119,-0.74662,0.56323,0.08096,0.07883,-0.027697
-0.09375,0.84375,-0.34375,-0.25128,-0.69413,0.42213,0.010653,-0.71266,0.56566
-0.64063,0.53125,-0.48438,0.17697,-0.50651,0.46705,0.28016,-0.49748,0.14701
0.03125,-0.125,-0.9375,0.26688,-0.20847,0.79482,-0.0063916,0.028762,0.66579
0.1875,0.9375,-0.03125,-0.092864,-0.74052,0.56339,0.089482,0.07883,-0.017044
-0.078125,0.85938,-0.35938,-0.26384,-0.69418,0.42679,-0.045806,-0.7116,0.58696
-0.60938,0.53125,-0.46875,0.1823,-0.50827,0.45889,0.18429,-0.47085,0.14381
-0,-0.14063,-0.9375,0.27126,-0.21049,0.80212,0.041545,-0.0095874,0.66579
0.1875,0.95313,-0.03125,-0.10113,-0.74664,0.56565,0.087352,0.089482,-0.022371
-0.078125,0.90625,-0.35938,-0.26161,-0.69618,0.43421,-0.1012,-0.72545,0.59122
-0.60938,0.5,-0.46875,0.18235,-0.5118,0.46301,0.11824,-0.47298,0.13955
0.046875,-0.14063,-0.9375,0.27125,-0.21257,0.80211,0.018109,0.066046,0.65833
0.23438,0.95313,-0.03125,-0.094642,-0.73248,0.57323,0.082025,0.068177,-0.018109
-0.10938,0.90625,-0.32813,-0.25947,-0.69821,0.43671,-0.083091,-0.73929,0.58696
-0.60938,0.5,-0.45313,0.18787,-0.50291,0.46109,0.10866,-0.47191,0.14594
0.046875,-0.10938,-0.92188,0.26484,-0.21261,0.80442,-0.053263,0.12996,0.67644
0.21875,0.95313,-0.03125,-0.096772,-0.73854,0.57317,0.10227,0.043676,-0.017044
-0.078125,0.875,-0.32813,-0.26992,-0.69005,0.439,0.0095874,-0.74462,0.59442
-0.625,0.54688,-0.46875,0.19138,-0.51352,0.45699,0.10759,-0.43995,0.13316
0.078125,-0.125,-0.9375,0.26056,-0.21056,0.80436,0.0085221,0.077764,0.68923
0.23438,0.95313,-0.03125,-0.10102,-0.73658,0.56567,0.11079,0.030893,-0.014914
-0.09375,0.85938,-0.34375,-0.26772,-0.69001,0.44397,0.071373,-0.74888,0.60081
-0.625,0.51563,-0.45313,0.19323,-0.50643,0.45499,0.11505,-0.43889,0.12783
0.0625,-0.15625,-0.92188,0.26481,-0.22092,0.80679,0.05859,-0.0010653,0.68816
0.20313,0.96875,-0.03125,-0.10299,-0.72856,0.56564,0.098004,0.0085221,-0.0063916
-0.09375,0.84375,-0.34375,-0.2822,-0.68796,0.45846,-0.036219,-0.72864,0.61892
-0.65625,0.48438,-0.40625,0.25053,-0.4847,0.47691,0.3281,-0.46339,-0.010653
-0.015625,-0.125,-0.90625,0.26053,-0.22303,0.80913,0.07883,0.0010653,0.70307
0.21875,0.9375,-0.046875,-0.092528,-0.73647,0.57821,0.098004,0.0095874,-0.011718
-0.0625,0.875,-0.34375,-0.2716,-0.68583,0.46116,-0.082025,-0.71479,0.61785
-0.6875,0.5,-0.35938,0.25051,-0.48294,0.47484,0.32278,-0.4783,-0.021305
0.03125,-0.15625,-0.9375,0.26283,-0.21674,0.81644,0.069242,0.039415,0.69668
0.1875,0.95313,-0.015625,-0.096679,-0.73451,0.57565,0.1044,0.0063916,-0.014914
-0.03125,0.90625,-0.32813,-0.27784,-0.68584,0.46595,-0.09907,-0.71373,0.61572
-0.71875,0.51563,-0.39063,0.26705,-0.47927,0.47727,0.31106,-0.50707,-0.010653
0.046875,-0.14063,-0.96875,0.25421,-0.22512,0.81867,0.0031958,0.10333,0.69988
0.20313,0.92188,-0.015625,-0.096563,-0.72847,0.57813,0.11185,0.011718,-0.014914
-0.046875,0.89063,-0.34375,-0.28193,-0.68788,0.47324,-0.028762,-0.75101,0.61253
-0.70313,0.5,-0.40625,0.26342,-0.48106,0.47925,0.30999,-0.49428,-0.019175
0.078125,-0.078125,-0.9375,0.25861,-0.22505,0.82599,0.03835,0.11185,0.72758
0.20313,0.95313,-0.046875,-0.090259,-0.72236,0.58076,0.094809,0.021305,-0.02024
-0.0625,0.875,-0.39063,-0.28176,-0.68168,0.48067,0.04048,-0.75101,0.62318
-0.6875,0.5,-0.39063,0.27456,-0.47565,0.4857,0.32064,-0.44208,-0.035154
0.09375,-0.10938,-0.9375,0.25648,-0.22714,0.82836,0.14061,0.023436,0.72864
0.20313,0.95313,-0.015625,-0.096563,-0.72847,0.57813,0.083091,0.026632,-0.019175
-0.0625,0.85938,-0.32813,-0.29015,-0.68172,0.48296,0.030893,-0.7116,0.64342
-0.70313,0.48438,-0.39063,0.27266,-0.47391,0.48153,0.36965,-0.43676,-0.066046
0.03125,-0.17188,-0.90625,0.25648,-0.22299,0.82596,0.19814,-0.057524,0.72651
0.17188,0.96875,-0.046875,-0.09239,-0.72842,0.5807,0.095874,0.028762,-0.017044
-0.015625,0.875,-0.3125,-0.29431,-0.67968,0.48535,-0.085221,-0.68923,0.64448
-0.71875,0.5,-0.375,0.28377,-0.4685,0.48591,0.38563,-0.47191,-0.074569
0.046875,-0.17188,-0.89063,0.25653,-0.2292,0.83318,0.12357,0.0021305,0.71692
0.21875,0.9375,-0.03125,-0.096414,-0.73248,0.58801,0.083091,0.025566,-0.012783
-0.03125,0.90625,-0.32813,-0.29209,-0.67553,0.49035,-0.1257,-0.68497,0.61466
-0.73438,0.5,-0.35938,0.28921,-0.45962,0.47985,0.39521,-0.49535,-0.067112
0.03125,-0.10938,-0.92188,0.25671,-0.22915,0.84525,0.075634,0.07883,0.69668
0.20313,0.9375,-0.046875,-0.094206,-0.73244,0.59546,0.075634,0.033023,-0.02024
-0.015625,0.92188,-0.34375,-0.29603,-0.66728,0.50263,-0.083091,-0.70094,0.61466
-0.73438,0.48438,-0.39063,0.29497,-0.45423,0.49239,0.41119,-0.49641,-0.063916
0.03125,-0.125,-0.9375,0.2524,-0.23126,0.84517,0.059655,0.091613,0.67857
0.20313,0.92188,-0.0625,-0.094306,-0.72843,0.58806,0.069242,0.031958,-0.027697
-0.046875,0.875,-0.34375,-0.30253,-0.66737,0.49264,0.013848,-0.70307,0.61359
-0.73438,0.48438,-0.32813,0.30783,-0.45413,0.49472,0.41545,-0.48683,-0.057524
0.03125,-0.078125,-0.9375,0.25008,-0.23548,0.83545,0.085221,0.053263,0.6807
0.1875,0.95313,-0.03125,-0.092125,-0.72639,0.59305,0.063916,0.026632,-0.035154
-0.015625,0.85938,-0.375,-0.30843,-0.66318,0.51471,0.046872,-0.68497,0.58696
-0.75,0.46875,-0.35938,0.30961,-0.45059,0.49064,0.42824,-0.48363,-0.056459
0.0625,-0.10938,-0.92188,0.24805,-0.23339,0.84267,0.13103,0.0042611,0.6871
0.1875,0.92188,-0.03125,-0.092099,-0.72839,0.59552,0.054328,0.033023,-0.029827
-0,0.85938,-0.35938,-0.3023,-0.66525,0.50497,-0.067112,-0.64768,0.56672
-0.75,0.45313,-0.34375,0.31884,-0.44167,0.49085,0.42717,-0.49002,-0.054328
0.015625,-0.125,-0.92188,0.24814,-0.23959,0.8523,0.19494,-0.064981,0.66899
0.21875,0.95313,-0.015625,-0.09208,-0.72236,0.59306,0.047937,0.033023,-0.030893
-0,0.90625,-0.34375,-0.3021,-0.65494,0.51243,-0.2269,-0.64875,0.56139
-0.76563,0.4375,-0.32813,0.32806,-0.43805,0.49312,0.4016,-0.51133,-0.041545
-0.015625,-0.17188,-0.92188,0.24599,-0.23545,0.84987,0.18749,-0.018109,0.64875
0.20313,0.9375,-0.03125,-0.092005,-0.72437,0.598,0.049002,0.036219,-0.026632
-0,0.89063,-0.34375,-0.31055,-0.66524,0.51465,-0.18855,-0.62211,0.54755
-0.75,0.4375,-0.34375,0.32813,-0.43804,0.49726,0.35793,-0.49215,-0.043676
-0,-0.15625,-0.92188,0.25039,-0.23124,0.85479,0.16192,0.0053263,0.63383
0.1875,0.92188,-0.03125,-0.090014,-0.72636,0.59557,0.051133,0.036219,-0.031958
0.015625,0.89063,-0.3125,-0.31457,-0.65496,0.52202,-0.1289,-0.61785,0.55394
-0.73438,0.4375,-0.34375,0.33189,-0.43093,0.49942,0.33556,-0.48363,-0.039415
0.046875,-0.14063,-0.89063,0.24833,-0.22916,0.8596,0.061785,0.073503,0.61998
0.1875,0.9375,-0.046875,-0.096033,-0.7244,0.60284,0.050067,0.043676,-0.031958
-0,0.875,-0.32813,-0.3124,-0.65903,0.52696,-0.086286,-0.62105,0.51772
-0.75,0.45313,-0.3125,0.33915,-0.42911,0.49545,0.31212,-0.49322,-0.035154
-0,-0.10938,-0.92188,0.2548,-0.23532,0.8645,0.031958,0.033023,0.59548
0.20313,0.92188,-0.0625,-0.085747,-0.72228,0.60062,0.049002,0.046872,-0.022371
-0,0.875,-0.32813,-0.31437,-0.659,0.53431,-0.1012,-0.60081,0.50387
-0.76563,0.45313,-0.32813,0.34467,-0.42553,0.49557,0.32597,-0.47937,-0.047937
0.015625,-0.14063,-0.95313,0.25048,-0.24159,0.86682,0.11824,-0.052198,0.56459
0.15625,0.96875,-0.0625,-0.085744,-0.7263,0.60308,0.044741,0.03835,-0.010653
-0,0.85938,-0.3125,-0.31443,-0.66107,0.53183,-0.17683,-0.55394,0.49854
-0.76563,0.4375,-0.28125,0.35201,-0.42371,0.49573,0.39095,-0.49109,-0.03835
0.015625,-0.14063,-0.95313,0.24846,-0.23534,0.87164,0.055394,-0.0042611,0.53157
0.20313,0.9375,-0.03125,-0.096055,-0.72641,0.60284,0.05859,0.044741,-0.010653
0.015625,0.92188,-0.32813,-0.32487,-0.65905,0.53655,-0.22371,-0.54435,0.48363
-0.78125,0.4375,-0.29688,0.35937,-0.41834,0.4959,0.43143,-0.55181,-0.019175
-0,-0.125,-0.96875,0.24406,-0.24371,0.86912,0.089482,0.010653,0.50707
0.20313,0.9375,-0.03125,-0.091979,-0.72637,0.60047,0.043676,0.069242,-0.017044
0.03125,0.89063,-0.32813,-0.32063,-0.65492,0.53667,-0.16938,-0.53902,0.47085
-0.82813,0.40625,-0.32813,0.36677,-0.41828,0.50019,0.40906,-0.56033,0.0095874
0.03125,-0.09375,-0.95313,0.2464,-0.24156,0.88123,0.051133,0.039415,0.50387
0.21875,0.92188,-0.078125,-0.083636,-0.72226,0.60314,0.062851,0.021305,-0.0021305
0.015625,0.875,-0.35938,-0.32897,-0.65495,0.54142,-0.14381,-0.49961,0.46339
-0.79688,0.375,-0.29688,0.37224,-0.41116,0.49619,0.34941,-0.51665,0.022371
0.046875,-0.078125,-0.95313,0.24418,-0.23745,0.87398,0.11824,0.017044,0.49109
0.21875,0.95313,-0.0625,-0.087806,-0.72632,0.60303,0.039415,0.039415,-0.0085221
-0,0.875,-0.35938,-0.32894,-0.65698,0.54387,-0.19068,-0.47617,0.46232
-0.78125,0.375,-0.32813,0.37776,-0.40758,0.49632,0.24608,-0.46659,0.02024
0.046875,-0.125,-0.92188,0.24429,-0.24157,0.88361,0.22797,-0.08096,0.51026
0.21875,0.95313,-0.03125,-0.08575,-0.71826,0.59816,0.043676,0.086286,-0.012783
0.015625,0.89063,-0.35938,-0.33121,-0.66115,0.53641,-0.22264,-0.44635,0.46978
-0.79688,0.39063,-0.3125,0.38859,-0.4146,0.49032,0.16299,-0.4538,0.0063916
-0,-0.15625,-0.9375,0.24224,-0.2374,0.88843,0.22903,-0.085221,0.51878
0.20313,0.92188,-0.03125,-0.091934,-0.72235,0.60047,0.057524,0.039415,0.013848
0.078125,0.90625,-0.3125,-0.32894,-0.65698,0.54387,-0.27058,-0.43995,0.44528
-0.82813,0.40625,-0.3125,0.38691,-0.40929,0.4965,0.11824,-0.42717,-0.0095874
0.015625,-0.125,-0.9375,0.25084,-0.23734,0.88857,0.12783,-0.043676,0.51878
0.1875,0.95313,-0.046875,-0.091905,-0.72838,0.6054,0.022371,0.03835,0.0095874
0.03125,0.9375,-0.3125,-0.33314,-0.65496,0.54379,-0.26525,-0.46765,0.40267
-0.82813,0.42188,-0.3125,0.39416,-0.40394,0.49047,0.1012,-0.38563,-0.024501
0.015625,-0.125,-0.95313,0.25085,-0.23526,0.88858,0.056459,0.014914,0.50494
0.20313,0.9375,-0.03125,-0.091815,-0.72033,0.60542,0.03835,0.029827,0.0095874
0.03125,0.92188,-0.35938,-0.33728,-0.65701,0.54862,-0.19388,-0.45593,0.39095
-0.82813,0.42188,-0.32813,0.39777,-0.40569,0.48847,0.1289,-0.35154,-0.04048
-0,-0.14063,-0.95313,0.24654,-0.24567,0.89329,0.12464,-0.054328,0.48896
0.1875,0.95313,-0.046875,-0.093757,-0.71833,0.61031,0.042611,0.052198,0.0021305
0.046875,0.92188,-0.32813,-0.34147,-0.65908,0.55098,-0.17151,-0.44102,0.37391
-0.82813,0.4375,-0.28125,0.40135,-0.41098,0.48646,0.1747,-0.31319,-0.051133
-0.03125,-0.15625,-0.92188,0.25323,-0.2331,0.90311,0.1289,-0.013848,0.43037
0.20313,0.9375,-0.03125,-0.089752,-0.72031,0.60547,0.033023,0.029827,0.0010653
0.09375,0.89063,-0.3125,-0.34346,-0.6611,0.55831,-0.19494,-0.43676,0.35473
-0.8125,0.4375,-0.26563,0.40694,-0.40385,0.48867,0.2301,-0.31106,-0.036219
-0.0625,-0.17188,-0.9375,0.24026,-0.23945,0.90046,0.068177,0.06072,0.36219
0.17188,0.95313,-0.046875,-0.09165,-0.71428,0.61037,0.041545,0.02024,-0.0010653
0.10938,0.92188,-0.3125,-0.33715,-0.65697,0.55601,-0.1992,-0.48043,0.31851
-0.84375,0.4375,-0.25,0.416,-0.40203,0.48266,0.23116,-0.29934,-0.018109
-0,-0.125,-0.90625,0.24237,-0.24359,0.90047,-0.026632,0.17577,0.33769
0.20313,0.95313,-0.03125,-0.093783,-0.71632,0.60785,0.053263,0.035154,-0.0095874
0.0625,0.92188,-0.3125,-0.33924,-0.66107,0.5584,-0.17151,-0.49109,0.30254
-0.79688,0.40625,-0.29688,0.41245,-0.39673,0.48674,0.24075,-0.28869,-0.0074569
0.03125,-0.14063,-0.9375,0.24035,-0.2415,0.90769,-0.075634,0.22903,0.25673
0.20313,0.92188,-0.03125,-0.097789,-0.71435,0.61269,0.069242,0.04048,-0.0063916
-0,0.85938,-0.3125,-0.33278,-0.66099,0.56592,0.045806,-0.46232,0.28336
-0.79688,0.39063,-0.26563,0.418,-0.39845,0.49098,0.23649,-0.23649,0.030893
0.03125,-0.0625,-0.92188,0.24035,-0.24565,0.91009,-0.1044,0.18962,0.25566
0.20313,0.95313,-0.03125,-0.093732,-0.72034,0.61278,0.070307,0.030893,0.0063916
0.046875,0.84375,-0.32813,-0.34096,-0.65482,0.57811,0.018109,-0.4048,0.2791
-0.8125,0.39063,-0.23438,0.41614,-0.39316,0.48683,0.22903,-0.28336,0.035154
0.0625,-0.046875,-0.95313,0.23179,-0.24986,0.91475,-0.022371,0.10972,0.25779
0.20313,0.92188,-0.0625,-0.093664,-0.7143,0.61279,0.063916,0.0063916,0.015979
0.046875,0.84375,-0.35938,-0.34315,-0.65486,0.57313,-0.14381,-0.35367,0.26845
-0.8125,0.34375,-0.25,0.42527,-0.39664,0.487,0.1992,-0.32171,0.017044
0.03125,-0.09375,-0.95313,0.23808,-0.25193,0.90519,0.027697,0.045806,0.2546
0.1875,0.95313,-0.0625,-0.089588,-0.71426,0.61042,0.076699,0.010653,0.015979
0.046875,0.92188,-0.375,-0.33886,-0.65686,0.57814,-0.23649,-0.31532,0.2546
-0.89063,0.35938,-0.28125,0.42346,-0.39311,0.48698,0.1044,-0.3036,-0.0021305
-0.015625,-0.10938,-0.9375,0.24036,-0.24357,0.9101,0.09907,-0.035154,0.2546
0.20313,0.95313,-0.046875,-0.091553,-0.71428,0.61531,0.069242,0.021305,0.0085221
0.09375,0.92188,-0.34375,-0.34523,-0.65691,0.57554,-0.26525,-0.30573,0.24288
-0.875,0.375,-0.25,0.42888,-0.39308,0.48296,0.046872,-0.27484,-0.0074569
-0,-0.125,-0.95313,0.23829,-0.24772,0.91729,0.10972,-0.0074569,0.23968
0.23438,0.92188,-0.03125,-0.097743,-0.71032,0.6127,0.064981,0.02024,0.012783
0.078125,0.95313,-0.34375,-0.34322,-0.65898,0.57064,-0.22051,-0.30573,0.22371
-0.85938,0.40625,-0.29688,0.42697,-0.39842,0.48083,-0.074569,-0.18536,0.0063916
0.015625,-0.10938,-0.95313,0.24679,-0.24975,0.91259,0.024501,0.063916,0.22797
0.21875,0.9375,-0.078125,-0.08942,-0.71224,0.61783,0.055394,0.0042611,-0.0031958
0.078125,0.89063,-0.35938,-0.34305,-0.65278,0.57807,-0.11931,-0.31638,0.17257
-0.82813,0.4375,-0.25,0.43248,-0.39661,0.48095,-0.12783,-0.091613,0.015979
0.03125,-0.10938,-0.92188,0.23825,-0.25188,0.91727,0.014914,0.066046,0.22477
0.17188,0.96875,-0.0625,-0.087383,-0.71021,0.61542,0.031958,-0.0042611,-0.013848
0.0625,0.89063,-0.35938,-0.33875,-0.66092,0.5855,-0.098004,-0.31851,0.1289
-0.85938,0.4375,-0.25,0.43427,-0.3966,0.47892,-0.028762,-0.095874,0.026632
-0,-0.125,-0.92188,0.23829,-0.25187,0.91968,-0.056459,0.11824,0.24288
0.20313,0.96875,-0.0625,-0.087286,-0.7102,0.62036,0.037284,0.0010653,-0.02024
0.0625,0.90625,-0.32813,-0.34731,-0.65896,0.57795,-0.11505,-0.31319,0.10759
-0.84375,0.42188,-0.26563,0.43427,-0.40191,0.48097,0.02024,-0.095874,0.029827
-0,-0.09375,-0.95313,0.23389,-0.25608,0.91476,-0.017044,0.030893,0.21838
0.17188,0.92188,-0.046875,-0.087335,-0.7102,0.61789,0.044741,0.0042611,-0.023436
0.078125,0.90625,-0.3125,-0.33667,-0.66502,0.58552,-0.12037,-0.31851,0.092678
-0.84375,0.40625,-0.25,0.43243,-0.39838,0.47888,0.073503,-0.074569,0.02024
0.03125,-0.09375,-0.9375,0.22961,-0.25404,0.9147,-0.025566,0.053263,0.20773
0.1875,0.9375,-0.0625,-0.085176,-0.71017,0.62287,0.033023,0.0053263,-0.021305
0.03125,0.90625,-0.3125,-0.33883,-0.6589,0.58059,-0.10227,-0.3036,0.063916
-0.82813,0.4375,-0.23438,0.43424,-0.3913,0.47481,0.050067,-0.045806,0.0021305
-0,-0.10938,-0.95313,0.2404,-0.25601,0.91969,0.043676,0.030893,0.18749
0.17188,0.96875,-0.09375,-0.085247,-0.71219,0.6204,0.018109,-0.0042611,-0.04048
0.09375,0.89063,-0.29688,-0.33033,-0.65473,0.58325,-0.12464,-0.25673,0.055394
-0.84375,0.4375,-0.21875,0.43056,-0.3984,0.47678,0.04048,-0.050067,0.018109
-0.015625,-0.125,-0.92188,0.23394,-0.26229,0.92197,0.010653,0.054328,0.16512
0.20313,0.9375,-0.0625,-0.079056,-0.71614,0.62301,0.012783,0.0021305,-0.049002
0.078125,0.92188,-0.3125,-0.33245,-0.65679,0.5832,-0.18749,-0.23436,0.045806
-0.78125,0.40625,-0.23438,0.43609,-0.39836,0.47896,0.031958,-0.03835,0.025566
-0.015625,-0.14063,-0.95313,0.22752,-0.26026,0.92188,-0.010653,0.083091,0.14488
0.20313,0.9375,-0.0625,-0.081002,-0.71012,0.62544,0.019175,0.0042611,-0.041545
0.09375,0.9375,-0.28125,-0.33029,-0.66291,0.58813,-0.16725,-0.22903,0.029827
-0.84375,0.4375,-0.20313,0.43426,-0.39837,0.47892,0.0063916,-0.064981,0.014914
-0,-0.14063,-0.90625,0.23409,-0.2664,0.93403,-0.069242,0.12144,0.10653
0.17188,0.95313,-0.0625,-0.08321,-0.71016,0.61798,0.023436,0.0074569,-0.036219
0.0625,0.89063,-0.3125,-0.32818,-0.6629,0.58817,-0.05859,-0.22371,0.025566
-0.84375,0.40625,-0.25,0.43788,-0.40366,0.47898,0.02024,-0.075634,0.028762
-0,-0.09375,-0.92188,0.22752,-0.26441,0.92427,-0.12996,0.16299,0.10227
